 0  1  0  0  0  0  0  0  0  0 
 0  0  0  0  0  0  0  0  1  0 
 0  0  0  0  0  1  0  0  0  0 


 0  0  0  0  0  0  0  0  1  0 
 0  0  1  0  0  0  0  0  0  0 
 0  0  0  0  0  0  0  0  0  1 


 0  0  0  0  0  0  1  0  0  0 
 0  1  0  0  0  0  0  0  0  0 
 0  0  0  0  0  0  0  1  0  0 


 0  0  0  0  0  0  0  0  1  0 
 0  0  0  0  1  0  0  0  0  0 
 0  0  0  1  0  0  0  0  0  0 


 1  0  0  0  0  0  0  0  0  0 
 0  0  0  1  0  0  0  0  0  0 
 0  0  0  0  0  0  0  0  1  0 


 0  0  0  0  0  0  1  0  0  0 
 1  0  0  0  0  0  0  0  0  0 
 0  0  0  0  0  0  0  0  1  0 


 0  0  0  0  1  0  0  0  0  0 
 0  0  1  0  0  0  0  0  0  0 
 1  0  0  0  0  0  0  0  0  0 


 0  0  0  0  0  0  1  0  0  0 
 0  0  0  0  0  0  0  0  1  0 
 0  0  0  0  1  0  0  0  0  0 


 0  0  0  0  1  0  0  0  0  0 
 0  0  0  0  0  1  0  0  0  0 
 0  0  0  0  0  0  1  0  0  0 


 0  0  0  0  0  0  0  1  0  0 
 0  1  0  0  0  0  0  0  0  0 
 0  0  0  0  1  0  0  0  0  0 


 0  0  0  0  0  0  0  0  0  1 
 0  0  0  1  0  0  0  0  0  0 
 0  0  0  0  0  1  0  0  0  0 


 0  1  0  0  0  0  0  0  0  0 
 0  0  0  0  0  0  0  0  0  1 
 0  0  0  0  0  0  0  0  1  0 


 0  0  0  1  0  0  0  0  0  0 
 0  0  0  0  0  0  1  0  0  0 
 0  0  0  0  0  0  0  0  0  1 


 0  1  0  0  0  0  0  0  0  0 
 0  0  0  0  0  0  1  0  0  0 
 0  0  0  1  0  0  0  0  0  0 


 0  0  0  0  1  0  0  0  0  0 
 0  0  0  1  0  0  0  0  0  0 
 1  0  0  0  0  0  0  0  0  0 


 0  1  0  0  0  0  0  0  0  0 
 0  0  0  0  0  0  0  0  0  1 
 0  0  0  0  1  0  0  0  0  0 


 0  0  0  0  0  0  0  0  0  1 
 0  0  1  0  0  0  0  0  0  0 
 0  0  0  0  0  0  1  0  0  0 


 0  0  1  0  0  0  0  0  0  0 
 0  0  0  0  1  0  0  0  0  0 
 0  0  0  0  0  1  0  0  0  0 


 0  0  1  0  0  0  0  0  0  0 
 0  1  0  0  0  0  0  0  0  0 
 0  0  0  1  0  0  0  0  0  0 


 1  0  0  0  0  0  0  0  0  0 
 0  0  0  0  0  1  0  0  0  0 
 0  1  0  0  0  0  0  0  0  0 


 1  0  0  0  0  0  0  0  0  0 
 0  0  0  0  0  0  0  0  0  1 
 0  0  0  0  0  1  0  0  0  0 


 0  0  0  0  0  0  0  1  0  0 
 0  0  0  1  0  0  0  0  0  0 
 0  0  0  0  0  1  0  0  0  0 


 0  0  0  0  0  0  0  0  1  0 
 0  0  1  0  0  0  0  0  0  0 
 0  0  0  0  0  0  0  1  0  0 


 0  1  0  0  0  0  0  0  0  0 
 1  0  0  0  0  0  0  0  0  0 
 0  0  1  0  0  0  0  0  0  0 


 0  0  0  1  0  0  0  0  0  0 
 0  0  0  0  0  0  0  1  0  0 
 0  0  1  0  0  0  0  0  0  0 


 0  0  0  0  0  0  1  0  0  0 
 0  0  1  0  0  0  0  0  0  0 
 0  0  0  0  0  1  0  0  0  0 


 1  0  0  0  0  0  0  0  0  0 
 0  0  0  0  0  0  0  1  0  0 
 0  0  0  0  0  0  0  0  0  1 


 0  0  0  0  0  0  0  1  0  0 
 0  0  0  0  0  0  1  0  0  0 
 1  0  0  0  0  0  0  0  0  0 


 0  0  0  0  0  0  0  0  0  1 
 0  0  0  0  0  0  0  1  0  0 
 0  0  0  0  1  0  0  0  0  0 


 0  0  0  0  0  0  0  1  0  0 
 0  0  0  0  0  1  0  0  0  0 
 0  0  0  0  0  0  0  0  1  0 


2 9 6 
9 3 10 
7 2 8 
9 5 4 
1 4 9 
7 1 9 
5 3 1 
7 9 5 
5 6 7 
8 2 5 
10 4 6 
2 10 9 
4 7 10 
2 7 4 
5 4 1 
2 10 5 
10 3 7 
3 5 6 
3 2 4 
1 6 2 
1 10 6 
8 4 6 
9 3 8 
2 1 3 
4 8 3 
7 3 6 
1 8 10 
8 7 1 
10 8 5 
8 6 9 
