 0  0  0  0  0  0  0  0  0  1  0  0  0 
 0  0  0  0  0  0  0  0  0  0  1  0  0 
 0  0  0  0  0  0  0  1  0  0  0  0  0 


 0  1  0  0  0  0  0  0  0  0  0  0  0 
 0  0  0  1  0  0  0  0  0  0  0  0  0 
 1  0  0  0  0  0  0  0  0  0  0  0  0 


 0  0  0  0  0  0  1  0  0  0  0  0  0 
 0  0  0  0  0  0  0  0  0  1  0  0  0 
 1  0  0  0  0  0  0  0  0  0  0  0  0 


 0  0  0  0  0  0  0  0  0  0  0  1  0 
 0  0  0  0  0  1  0  0  0  0  0  0  0 
 0  0  0  0  0  0  0  1  0  0  0  0  0 


 0  0  0  0  0  0  0  0  0  0  0  0  1 
 0  0  0  0  0  0  0  1  0  0  0  0  0 
 0  0  1  0  0  0  0  0  0  0  0  0  0 


 0  0  0  0  0  0  1  0  0  0  0  0  0 
 0  1  0  0  0  0  0  0  0  0  0  0  0 
 0  0  0  0  0  0  0  0  0  0  0  0  1 


 1  0  0  0  0  0  0  0  0  0  0  0  0 
 0  0  0  0  0  0  0  0  0  0  0  1  0 
 0  0  0  0  0  0  0  0  0  0  0  0  1 


 0  0  0  0  0  1  0  0  0  0  0  0  0 
 0  0  0  0  0  0  0  0  0  1  0  0  0 
 0  0  0  0  0  0  0  0  0  0  0  0  1 


 0  0  0  0  0  0  0  0  0  0  0  1  0 
 0  0  0  0  0  0  0  0  0  1  0  0  0 
 0  1  0  0  0  0  0  0  0  0  0  0  0 


 0  0  1  0  0  0  0  0  0  0  0  0  0 
 0  0  0  0  1  0  0  0  0  0  0  0  0 
 0  0  0  0  0  0  0  0  0  0  0  1  0 


 0  0  0  0  0  0  0  0  0  1  0  0  0 
 0  0  0  0  1  0  0  0  0  0  0  0  0 
 0  0  0  0  0  0  0  0  1  0  0  0  0 


 0  0  0  0  0  0  0  0  0  0  0  1  0 
 0  0  0  0  0  0  0  0  0  0  1  0  0 
 0  0  0  1  0  0  0  0  0  0  0  0  0 


 0  0  0  1  0  0  0  0  0  0  0  0  0 
 0  0  0  0  0  0  0  0  1  0  0  0  0 
 0  0  0  0  0  1  0  0  0  0  0  0  0 


 0  1  0  0  0  0  0  0  0  0  0  0  0 
 0  0  0  0  0  1  0  0  0  0  0  0  0 
 0  0  1  0  0  0  0  0  0  0  0  0  0 


 0  0  0  0  0  0  0  0  1  0  0  0  0 
 0  0  0  0  0  0  1  0  0  0  0  0  0 
 0  0  0  0  0  0  0  0  0  0  0  1  0 


 0  0  0  1  0  0  0  0  0  0  0  0  0 
 0  0  0  0  0  0  0  0  0  0  0  0  1 
 0  0  0  0  1  0  0  0  0  0  0  0  0 


 0  0  0  0  0  0  0  0  0  0  0  0  1 
 0  0  0  0  0  0  0  0  1  0  0  0  0 
 0  0  0  0  0  0  0  0  0  0  1  0  0 


 0  1  0  0  0  0  0  0  0  0  0  0  0 
 0  0  0  0  1  0  0  0  0  0  0  0  0 
 0  0  0  0  0  0  0  0  0  0  1  0  0 


 0  0  0  0  0  0  0  0  1  0  0  0  0 
 0  1  0  0  0  0  0  0  0  0  0  0  0 
 0  0  0  0  0  0  0  1  0  0  0  0  0 


 0  0  0  0  0  0  1  0  0  0  0  0  0 
 0  0  0  0  0  0  0  0  0  0  1  0  0 
 0  0  1  0  0  0  0  0  0  0  0  0  0 


 0  0  0  0  0  0  0  0  1  0  0  0  0 
 0  0  1  0  0  0  0  0  0  0  0  0  0 
 1  0  0  0  0  0  0  0  0  0  0  0  0 


 0  0  0  0  0  0  0  0  0  0  1  0  0 
 0  0  0  0  0  1  0  0  0  0  0  0  0 
 1  0  0  0  0  0  0  0  0  0  0  0  0 


 0  0  0  0  0  0  0  1  0  0  0  0  0 
 0  0  0  0  1  0  0  0  0  0  0  0  0 
 1  0  0  0  0  0  0  0  0  0  0  0  0 


 0  0  0  0  0  0  1  0  0  0  0  0  0 
 0  0  0  0  0  1  0  0  0  0  0  0  0 
 0  0  0  0  1  0  0  0  0  0  0  0  0 


 0  0  0  0  0  0  0  1  0  0  0  0  0 
 0  0  0  0  0  0  1  0  0  0  0  0  0 
 0  0  0  1  0  0  0  0  0  0  0  0  0 


 0  0  1  0  0  0  0  0  0  0  0  0  0 
 0  0  0  1  0  0  0  0  0  0  0  0  0 
 0  0  0  0  0  0  0  0  0  1  0  0  0 


10 11 8 
2 4 1 
7 10 1 
12 6 8 
13 8 3 
7 2 13 
1 12 13 
6 10 13 
12 10 2 
3 5 12 
10 5 9 
12 11 4 
4 9 6 
2 6 3 
9 7 12 
4 13 5 
13 9 11 
2 5 11 
9 2 8 
7 11 3 
9 3 1 
11 6 1 
8 5 1 
7 6 5 
8 7 4 
3 4 10 
