 0  0  0  0  0  0  0  0  0  0  1  0  0  0  0 
 0  0  0  0  0  0  0  0  1  0  0  0  0  0  0 
 0  0  0  0  0  0  0  0  0  0  0  0  1  0  0 


 0  0  0  1  0  0  0  0  0  0  0  0  0  0  0 
 0  0  0  0  0  0  0  0  0  1  0  0  0  0  0 
 0  0  0  0  0  0  0  0  1  0  0  0  0  0  0 


 0  0  0  0  0  0  0  0  0  0  0  0  0  1  0 
 0  0  0  0  0  0  0  0  0  0  1  0  0  0  0 
 0  0  0  0  1  0  0  0  0  0  0  0  0  0  0 


 0  0  0  0  0  0  0  0  0  0  0  0  0  0  1 
 0  1  0  0  0  0  0  0  0  0  0  0  0  0  0 
 0  0  0  0  0  0  0  0  0  0  0  0  0  1  0 


 0  0  0  1  0  0  0  0  0  0  0  0  0  0  0 
 0  0  0  0  0  0  0  0  0  0  1  0  0  0  0 
 0  0  0  0  0  0  0  0  0  0  0  0  0  0  1 


 0  0  0  0  0  0  0  0  0  1  0  0  0  0  0 
 0  0  0  0  0  0  0  0  0  0  0  0  1  0  0 
 0  1  0  0  0  0  0  0  0  0  0  0  0  0  0 


 0  0  0  0  0  0  0  0  0  1  0  0  0  0  0 
 0  0  0  0  0  0  0  1  0  0  0  0  0  0  0 
 0  0  0  0  1  0  0  0  0  0  0  0  0  0  0 


 0  0  0  0  0  0  1  0  0  0  0  0  0  0  0 
 0  0  0  0  0  0  0  0  0  0  0  0  1  0  0 
 0  0  0  0  0  0  0  1  0  0  0  0  0  0  0 


 0  0  0  1  0  0  0  0  0  0  0  0  0  0  0 
 0  0  0  0  0  1  0  0  0  0  0  0  0  0  0 
 0  0  1  0  0  0  0  0  0  0  0  0  0  0  0 


 0  0  0  0  0  0  0  1  0  0  0  0  0  0  0 
 0  0  0  0  0  0  0  0  0  0  0  1  0  0  0 
 0  0  0  0  0  1  0  0  0  0  0  0  0  0  0 


 1  0  0  0  0  0  0  0  0  0  0  0  0  0  0 
 0  0  0  0  1  0  0  0  0  0  0  0  0  0  0 
 0  0  0  0  0  0  0  0  1  0  0  0  0  0  0 


 0  0  0  0  0  0  0  0  1  0  0  0  0  0  0 
 0  1  0  0  0  0  0  0  0  0  0  0  0  0  0 
 0  0  0  0  0  1  0  0  0  0  0  0  0  0  0 


 0  0  0  0  0  0  1  0  0  0  0  0  0  0  0 
 0  0  0  0  0  1  0  0  0  0  0  0  0  0  0 
 0  0  0  0  0  0  0  0  0  0  1  0  0  0  0 


 0  0  1  0  0  0  0  0  0  0  0  0  0  0  0 
 0  0  0  0  0  0  1  0  0  0  0  0  0  0  0 
 0  0  0  0  0  0  0  0  0  1  0  0  0  0  0 


 0  0  0  0  0  0  0  0  0  1  0  0  0  0  0 
 0  0  0  0  0  0  0  0  0  0  1  0  0  0  0 
 1  0  0  0  0  0  0  0  0  0  0  0  0  0  0 


 0  0  0  0  0  0  0  0  1  0  0  0  0  0  0 
 0  0  0  0  0  0  0  0  0  0  0  0  0  1  0 
 0  0  1  0  0  0  0  0  0  0  0  0  0  0  0 


 0  0  0  0  0  0  1  0  0  0  0  0  0  0  0 
 0  0  0  0  0  0  0  0  0  0  0  0  0  1  0 
 1  0  0  0  0  0  0  0  0  0  0  0  0  0  0 


 0  0  0  1  0  0  0  0  0  0  0  0  0  0  0 
 0  0  0  0  0  0  0  1  0  0  0  0  0  0  0 
 0  0  0  0  0  0  0  0  0  0  0  0  0  1  0 


 0  0  0  0  0  0  0  0  0  0  1  0  0  0  0 
 0  1  0  0  0  0  0  0  0  0  0  0  0  0  0 
 0  0  0  0  0  0  0  0  0  0  0  1  0  0  0 


 0  1  0  0  0  0  0  0  0  0  0  0  0  0  0 
 0  0  0  0  1  0  0  0  0  0  0  0  0  0  0 
 0  0  1  0  0  0  0  0  0  0  0  0  0  0  0 


 1  0  0  0  0  0  0  0  0  0  0  0  0  0  0 
 0  1  0  0  0  0  0  0  0  0  0  0  0  0  0 
 0  0  0  0  0  0  0  1  0  0  0  0  0  0  0 


 0  0  0  1  0  0  0  0  0  0  0  0  0  0  0 
 0  0  0  0  0  0  0  0  0  0  0  0  1  0  0 
 1  0  0  0  0  0  0  0  0  0  0  0  0  0  0 


 0  0  0  0  0  0  0  0  0  0  0  0  1  0  0 
 0  0  0  0  0  0  0  0  0  0  0  0  0  1  0 
 0  0  0  0  0  0  0  0  0  0  0  1  0  0  0 


 0  0  0  0  0  0  0  0  0  0  0  1  0  0  0 
 0  0  0  0  0  0  0  0  0  0  0  0  0  0  1 
 0  0  0  0  0  0  0  0  0  1  0  0  0  0  0 


 1  0  0  0  0  0  0  0  0  0  0  0  0  0  0 
 0  0  0  0  0  0  0  0  0  0  0  0  0  0  1 
 0  0  0  0  0  1  0  0  0  0  0  0  0  0  0 


 1  0  0  0  0  0  0  0  0  0  0  0  0  0  0 
 0  0  0  0  0  0  0  0  0  0  0  1  0  0  0 
 0  0  1  0  0  0  0  0  0  0  0  0  0  0  0 


 0  0  0  0  0  0  1  0  0  0  0  0  0  0  0 
 0  0  0  0  0  0  0  0  0  0  0  0  0  0  1 
 0  0  0  0  1  0  0  0  0  0  0  0  0  0  0 


 0  0  0  0  0  0  0  1  0  0  0  0  0  0  0 
 0  0  0  0  0  0  0  0  1  0  0  0  0  0  0 
 0  0  0  0  0  0  0  0  0  0  0  0  0  0  1 


 0  0  0  1  0  0  0  0  0  0  0  0  0  0  0 
 0  0  0  0  0  0  1  0  0  0  0  0  0  0  0 
 0  1  0  0  0  0  0  0  0  0  0  0  0  0  0 


 0  0  1  0  0  0  0  0  0  0  0  0  0  0  0 
 0  0  0  0  0  0  0  0  0  0  0  0  0  0  1 
 0  0  0  0  0  0  0  0  0  0  0  0  1  0  0 


 0  0  0  1  0  0  0  0  0  0  0  0  0  0  0 
 0  0  0  0  1  0  0  0  0  0  0  0  0  0  0 
 0  0  0  0  0  0  0  0  0  0  0  1  0  0  0 


 0  0  0  0  0  0  0  0  0  0  0  1  0  0  0 
 0  0  0  0  0  0  1  0  0  0  0  0  0  0  0 
 0  0  0  0  0  0  0  0  1  0  0  0  0  0  0 


 0  0  0  0  0  0  0  0  0  0  1  0  0  0  0 
 0  0  0  0  0  0  0  1  0  0  0  0  0  0  0 
 0  0  1  0  0  0  0  0  0  0  0  0  0  0  0 


 0  0  0  0  1  0  0  0  0  0  0  0  0  0  0 
 0  0  0  0  0  0  0  0  0  0  0  0  1  0  0 
 0  0  0  0  0  1  0  0  0  0  0  0  0  0  0 


 0  0  0  0  0  0  0  0  0  0  0  0  0  1  0 
 0  0  0  0  0  0  0  0  0  1  0  0  0  0  0 
 0  0  0  0  0  1  0  0  0  0  0  0  0  0  0 


11 9 13 
4 10 9 
14 11 5 
15 2 14 
4 11 15 
10 13 2 
10 8 5 
7 13 8 
4 6 3 
8 12 6 
1 5 9 
9 2 6 
7 6 11 
3 7 10 
10 11 1 
9 14 3 
7 14 1 
4 8 14 
11 2 12 
2 5 3 
1 2 8 
4 13 1 
13 14 12 
12 15 10 
1 15 6 
1 12 3 
7 15 5 
8 9 15 
4 7 2 
3 15 13 
4 5 12 
12 7 9 
11 8 3 
5 13 6 
14 10 6 
