 0  0  0  0  0  0  0  0  0  0  0  0  0  1  0  0  0  0  0  0  0 
 0  0  0  0  0  0  0  0  0  0  0  0  0  0  0  0  0  1  0  0  0 
 0  0  0  0  0  0  0  0  0  1  0  0  0  0  0  0  0  0  0  0  0 


 0  0  0  1  0  0  0  0  0  0  0  0  0  0  0  0  0  0  0  0  0 
 0  0  0  0  0  0  0  0  0  0  0  0  0  1  0  0  0  0  0  0  0 
 0  0  0  0  0  0  0  0  0  0  0  0  0  0  0  0  1  0  0  0  0 


 0  0  0  0  0  0  0  0  0  1  0  0  0  0  0  0  0  0  0  0  0 
 0  0  0  0  0  0  0  0  0  0  0  0  1  0  0  0  0  0  0  0  0 
 0  0  0  0  0  0  0  0  0  0  1  0  0  0  0  0  0  0  0  0  0 


 0  0  0  1  0  0  0  0  0  0  0  0  0  0  0  0  0  0  0  0  0 
 1  0  0  0  0  0  0  0  0  0  0  0  0  0  0  0  0  0  0  0  0 
 0  1  0  0  0  0  0  0  0  0  0  0  0  0  0  0  0  0  0  0  0 


 0  0  0  0  0  0  0  0  0  0  0  1  0  0  0  0  0  0  0  0  0 
 1  0  0  0  0  0  0  0  0  0  0  0  0  0  0  0  0  0  0  0  0 
 0  0  0  0  0  0  0  0  0  0  0  0  0  1  0  0  0  0  0  0  0 


 0  0  0  0  0  0  0  0  0  0  0  0  0  1  0  0  0  0  0  0  0 
 0  0  0  0  0  1  0  0  0  0  0  0  0  0  0  0  0  0  0  0  0 
 0  0  0  0  0  0  0  0  0  0  1  0  0  0  0  0  0  0  0  0  0 


 0  0  0  0  0  0  0  1  0  0  0  0  0  0  0  0  0  0  0  0  0 
 0  0  0  0  1  0  0  0  0  0  0  0  0  0  0  0  0  0  0  0  0 
 0  0  0  0  0  0  0  0  0  0  0  0  0  1  0  0  0  0  0  0  0 


 0  0  0  0  0  1  0  0  0  0  0  0  0  0  0  0  0  0  0  0  0 
 0  0  0  0  0  0  0  0  1  0  0  0  0  0  0  0  0  0  0  0  0 
 0  0  0  0  0  0  0  0  0  0  0  0  0  0  0  1  0  0  0  0  0 


 0  0  0  0  0  0  0  0  0  0  0  0  0  0  1  0  0  0  0  0  0 
 0  0  0  0  0  0  0  0  0  0  0  0  0  1  0  0  0  0  0  0  0 
 0  0  0  0  0  0  0  0  0  0  0  0  1  0  0  0  0  0  0  0  0 


 0  0  0  0  0  0  0  0  0  0  0  0  0  0  0  0  0  0  1  0  0 
 0  0  0  0  0  1  0  0  0  0  0  0  0  0  0  0  0  0  0  0  0 
 1  0  0  0  0  0  0  0  0  0  0  0  0  0  0  0  0  0  0  0  0 


 0  0  0  0  0  0  0  0  0  0  0  0  0  0  0  0  0  0  1  0  0 
 0  0  0  0  0  0  0  0  1  0  0  0  0  0  0  0  0  0  0  0  0 
 0  0  0  0  0  0  0  0  0  0  1  0  0  0  0  0  0  0  0  0  0 


 0  0  0  0  0  0  0  0  0  0  0  0  0  0  0  0  1  0  0  0  0 
 0  0  0  0  0  0  0  0  0  0  0  0  0  0  0  0  0  0  0  0  1 
 0  0  0  0  1  0  0  0  0  0  0  0  0  0  0  0  0  0  0  0  0 


 0  0  0  0  0  0  0  0  0  0  0  0  0  0  0  0  0  1  0  0  0 
 0  0  0  0  0  0  0  0  1  0  0  0  0  0  0  0  0  0  0  0  0 
 0  0  0  0  0  0  0  0  0  0  0  0  0  0  0  0  1  0  0  0  0 


 0  0  0  0  0  0  0  0  0  1  0  0  0  0  0  0  0  0  0  0  0 
 0  0  0  0  0  0  0  0  0  0  0  0  0  0  0  0  0  0  0  1  0 
 0  0  0  0  1  0  0  0  0  0  0  0  0  0  0  0  0  0  0  0  0 


 0  0  0  0  0  0  0  0  0  0  0  0  0  0  0  0  0  0  0  1  0 
 0  0  0  0  0  0  0  0  0  0  0  0  0  0  0  0  0  0  1  0  0 
 0  0  0  0  0  0  0  0  0  0  0  0  0  0  0  0  1  0  0  0  0 


 0  0  0  0  0  0  0  0  0  0  0  0  0  0  0  1  0  0  0  0  0 
 0  0  0  0  0  0  0  0  0  0  0  0  0  0  0  0  0  0  1  0  0 
 0  0  0  0  0  0  0  0  0  0  0  0  0  0  0  0  0  1  0  0  0 


 0  0  0  0  0  0  0  0  0  0  1  0  0  0  0  0  0  0  0  0  0 
 0  0  0  0  0  0  0  1  0  0  0  0  0  0  0  0  0  0  0  0  0 
 0  0  0  0  0  0  1  0  0  0  0  0  0  0  0  0  0  0  0  0  0 


 0  0  0  0  1  0  0  0  0  0  0  0  0  0  0  0  0  0  0  0  0 
 0  0  0  0  0  0  0  0  0  0  0  0  0  0  0  0  0  0  1  0  0 
 0  0  0  0  0  0  0  0  0  0  0  0  0  0  1  0  0  0  0  0  0 


 0  0  0  1  0  0  0  0  0  0  0  0  0  0  0  0  0  0  0  0  0 
 0  0  0  0  0  0  0  0  0  1  0  0  0  0  0  0  0  0  0  0  0 
 0  0  0  0  0  0  0  0  0  0  0  0  0  0  0  0  0  0  1  0  0 


 0  0  0  0  0  0  0  0  0  0  0  0  0  0  0  0  1  0  0  0  0 
 0  0  0  0  0  0  0  1  0  0  0  0  0  0  0  0  0  0  0  0  0 
 0  0  0  0  0  0  0  0  0  0  0  0  0  0  1  0  0  0  0  0  0 


 0  0  0  0  0  0  0  0  0  0  0  0  0  0  0  0  0  0  0  0  1 
 0  0  0  0  0  0  0  0  0  0  1  0  0  0  0  0  0  0  0  0  0 
 0  0  0  1  0  0  0  0  0  0  0  0  0  0  0  0  0  0  0  0  0 


 0  0  0  0  0  0  0  0  0  0  0  0  0  0  0  0  0  0  0  1  0 
 0  0  0  0  0  1  0  0  0  0  0  0  0  0  0  0  0  0  0  0  0 
 0  0  0  0  0  0  0  0  0  0  0  0  0  0  0  0  0  1  0  0  0 


 0  0  0  0  0  0  0  0  0  0  0  1  0  0  0  0  0  0  0  0  0 
 0  0  1  0  0  0  0  0  0  0  0  0  0  0  0  0  0  0  0  0  0 
 0  0  0  0  0  0  0  0  0  0  0  0  0  0  0  0  0  0  0  0  1 


 0  0  0  0  0  0  0  0  0  0  0  1  0  0  0  0  0  0  0  0  0 
 0  0  0  0  0  0  0  0  0  0  0  0  0  0  1  0  0  0  0  0  0 
 0  0  0  0  0  0  0  0  0  0  0  0  0  0  0  0  0  0  0  1  0 


 0  0  0  0  0  0  0  0  0  0  0  0  0  0  0  1  0  0  0  0  0 
 1  0  0  0  0  0  0  0  0  0  0  0  0  0  0  0  0  0  0  0  0 
 0  0  0  0  0  0  0  1  0  0  0  0  0  0  0  0  0  0  0  0  0 


 0  0  1  0  0  0  0  0  0  0  0  0  0  0  0  0  0  0  0  0  0 
 0  0  0  0  0  0  0  0  0  0  0  0  1  0  0  0  0  0  0  0  0 
 0  0  0  1  0  0  0  0  0  0  0  0  0  0  0  0  0  0  0  0  0 


 0  0  0  0  0  0  0  0  0  0  0  1  0  0  0  0  0  0  0  0  0 
 0  0  0  0  0  0  0  0  0  0  0  0  0  0  0  1  0  0  0  0  0 
 0  1  0  0  0  0  0  0  0  0  0  0  0  0  0  0  0  0  0  0  0 


 0  0  0  0  0  0  1  0  0  0  0  0  0  0  0  0  0  0  0  0  0 
 0  0  0  0  0  0  0  0  0  0  0  0  0  0  0  0  0  0  1  0  0 
 0  0  0  0  0  0  0  0  0  0  0  0  0  0  0  0  0  0  0  0  1 


 0  0  0  0  0  0  1  0  0  0  0  0  0  0  0  0  0  0  0  0  0 
 0  1  0  0  0  0  0  0  0  0  0  0  0  0  0  0  0  0  0  0  0 
 0  0  0  0  0  0  0  0  0  0  0  0  0  0  1  0  0  0  0  0  0 


 0  0  0  0  0  0  0  0  1  0  0  0  0  0  0  0  0  0  0  0  0 
 0  0  0  0  0  0  0  0  0  0  0  0  0  1  0  0  0  0  0  0  0 
 0  1  0  0  0  0  0  0  0  0  0  0  0  0  0  0  0  0  0  0  0 


 0  0  0  0  0  0  0  0  1  0  0  0  0  0  0  0  0  0  0  0  0 
 0  0  0  0  0  0  0  0  0  0  0  0  0  0  1  0  0  0  0  0  0 
 1  0  0  0  0  0  0  0  0  0  0  0  0  0  0  0  0  0  0  0  0 


 0  0  0  0  0  0  0  0  0  0  0  0  0  0  0  0  1  0  0  0  0 
 0  0  0  0  0  1  0  0  0  0  0  0  0  0  0  0  0  0  0  0  0 
 0  1  0  0  0  0  0  0  0  0  0  0  0  0  0  0  0  0  0  0  0 


 0  0  0  0  0  0  0  0  0  0  0  1  0  0  0  0  0  0  0  0  0 
 0  0  0  1  0  0  0  0  0  0  0  0  0  0  0  0  0  0  0  0  0 
 0  0  0  0  0  0  0  1  0  0  0  0  0  0  0  0  0  0  0  0  0 


 0  0  0  0  0  0  0  1  0  0  0  0  0  0  0  0  0  0  0  0  0 
 0  0  1  0  0  0  0  0  0  0  0  0  0  0  0  0  0  0  0  0  0 
 0  0  0  0  0  0  0  0  0  0  0  0  0  0  0  0  0  1  0  0  0 


 0  0  0  0  0  0  0  0  0  0  0  0  0  0  0  0  0  0  0  0  1 
 0  0  0  0  0  0  0  1  0  0  0  0  0  0  0  0  0  0  0  0  0 
 0  0  0  0  0  1  0  0  0  0  0  0  0  0  0  0  0  0  0  0  0 


 0  0  0  0  0  0  0  0  0  0  0  1  0  0  0  0  0  0  0  0  0 
 0  0  0  0  0  0  0  0  0  0  0  0  0  0  0  0  0  1  0  0  0 
 0  0  0  0  0  0  0  0  0  0  1  0  0  0  0  0  0  0  0  0  0 


 0  0  0  0  1  0  0  0  0  0  0  0  0  0  0  0  0  0  0  0  0 
 0  0  0  0  0  0  0  0  0  0  0  0  0  0  0  0  0  1  0  0  0 
 0  0  0  0  0  0  1  0  0  0  0  0  0  0  0  0  0  0  0  0  0 


 0  0  1  0  0  0  0  0  0  0  0  0  0  0  0  0  0  0  0  0  0 
 0  0  0  0  0  0  0  0  0  0  0  0  0  0  1  0  0  0  0  0  0 
 0  0  0  0  0  1  0  0  0  0  0  0  0  0  0  0  0  0  0  0  0 


 0  0  0  0  0  0  0  0  0  0  0  1  0  0  0  0  0  0  0  0  0 
 0  0  0  0  0  0  1  0  0  0  0  0  0  0  0  0  0  0  0  0  0 
 0  0  0  0  0  0  0  0  0  0  0  0  0  0  0  0  1  0  0  0  0 


 0  0  0  0  0  0  0  0  0  0  0  0  0  0  0  0  0  0  0  1  0 
 0  0  0  0  0  0  0  0  0  0  0  0  1  0  0  0  0  0  0  0  0 
 0  0  0  0  0  0  0  1  0  0  0  0  0  0  0  0  0  0  0  0  0 


 0  0  0  0  0  1  0  0  0  0  0  0  0  0  0  0  0  0  0  0  0 
 0  0  0  1  0  0  0  0  0  0  0  0  0  0  0  0  0  0  0  0  0 
 0  0  0  0  0  0  1  0  0  0  0  0  0  0  0  0  0  0  0  0  0 


 1  0  0  0  0  0  0  0  0  0  0  0  0  0  0  0  0  0  0  0  0 
 0  0  0  0  0  0  0  0  0  1  0  0  0  0  0  0  0  0  0  0  0 
 0  0  0  0  0  0  1  0  0  0  0  0  0  0  0  0  0  0  0  0  0 


 0  0  0  0  1  0  0  0  0  0  0  0  0  0  0  0  0  0  0  0  0 
 0  0  0  0  0  0  0  0  0  0  0  1  0  0  0  0  0  0  0  0  0 
 0  0  0  0  0  0  0  0  1  0  0  0  0  0  0  0  0  0  0  0  0 


 0  0  1  0  0  0  0  0  0  0  0  0  0  0  0  0  0  0  0  0  0 
 0  0  0  0  0  0  0  0  0  1  0  0  0  0  0  0  0  0  0  0  0 
 0  1  0  0  0  0  0  0  0  0  0  0  0  0  0  0  0  0  0  0  0 


 0  0  0  0  0  0  0  0  0  0  0  0  0  0  0  0  0  0  1  0  0 
 0  0  0  0  0  0  0  0  0  0  0  0  1  0  0  0  0  0  0  0  0 
 0  0  0  0  0  0  0  0  0  0  0  1  0  0  0  0  0  0  0  0  0 


 0  0  0  0  0  0  0  0  0  0  0  0  0  0  0  0  0  0  0  0  1 
 0  0  0  0  0  0  0  0  0  0  0  0  0  0  1  0  0  0  0  0  0 
 0  0  0  0  0  0  0  0  0  1  0  0  0  0  0  0  0  0  0  0  0 


 0  0  0  0  0  0  0  0  0  1  0  0  0  0  0  0  0  0  0  0  0 
 0  0  0  0  0  0  0  1  0  0  0  0  0  0  0  0  0  0  0  0  0 
 0  0  0  0  0  0  0  0  1  0  0  0  0  0  0  0  0  0  0  0  0 


 0  0  0  0  0  0  0  0  0  0  0  0  0  1  0  0  0  0  0  0  0 
 0  0  0  0  0  0  0  0  0  0  0  0  0  0  0  0  0  0  0  0  1 
 0  0  0  0  0  0  0  0  0  0  0  0  0  0  0  1  0  0  0  0  0 


 0  0  0  0  0  0  0  0  0  0  0  0  1  0  0  0  0  0  0  0  0 
 0  0  0  0  1  0  0  0  0  0  0  0  0  0  0  0  0  0  0  0  0 
 0  0  0  0  0  1  0  0  0  0  0  0  0  0  0  0  0  0  0  0  0 


 0  0  0  0  0  0  0  0  0  0  0  0  0  0  0  1  0  0  0  0  0 
 0  0  0  0  0  0  0  0  0  0  1  0  0  0  0  0  0  0  0  0  0 
 0  0  0  0  0  0  0  0  0  0  0  0  0  0  1  0  0  0  0  0  0 


 0  0  0  0  0  0  0  0  0  0  0  0  0  0  0  0  1  0  0  0  0 
 0  0  0  0  0  0  0  0  0  0  1  0  0  0  0  0  0  0  0  0  0 
 0  0  1  0  0  0  0  0  0  0  0  0  0  0  0  0  0  0  0  0  0 


 0  0  0  0  0  0  0  0  0  0  0  0  0  0  0  0  0  0  1  0  0 
 0  0  0  0  0  0  0  1  0  0  0  0  0  0  0  0  0  0  0  0  0 
 0  1  0  0  0  0  0  0  0  0  0  0  0  0  0  0  0  0  0  0  0 


 0  0  0  0  0  0  1  0  0  0  0  0  0  0  0  0  0  0  0  0  0 
 0  0  0  0  0  0  0  0  1  0  0  0  0  0  0  0  0  0  0  0  0 
 0  0  1  0  0  0  0  0  0  0  0  0  0  0  0  0  0  0  0  0  0 


 0  0  0  0  0  0  0  0  0  0  1  0  0  0  0  0  0  0  0  0  0 
 0  1  0  0  0  0  0  0  0  0  0  0  0  0  0  0  0  0  0  0  0 
 0  0  0  0  1  0  0  0  0  0  0  0  0  0  0  0  0  0  0  0  0 


 0  0  0  0  0  0  0  0  0  0  0  0  0  0  0  0  0  1  0  0  0 
 0  0  0  0  0  0  0  0  0  0  0  0  0  0  1  0  0  0  0  0  0 
 0  0  0  1  0  0  0  0  0  0  0  0  0  0  0  0  0  0  0  0  0 


 0  0  1  0  0  0  0  0  0  0  0  0  0  0  0  0  0  0  0  0  0 
 1  0  0  0  0  0  0  0  0  0  0  0  0  0  0  0  0  0  0  0  0 
 0  0  0  0  1  0  0  0  0  0  0  0  0  0  0  0  0  0  0  0  0 


 0  1  0  0  0  0  0  0  0  0  0  0  0  0  0  0  0  0  0  0  0 
 0  0  0  0  0  0  0  0  0  0  0  0  1  0  0  0  0  0  0  0  0 
 0  0  0  0  0  0  0  0  0  0  0  0  0  0  0  0  0  1  0  0  0 


 0  0  0  0  0  0  0  0  1  0  0  0  0  0  0  0  0  0  0  0  0 
 0  0  0  0  0  0  0  0  0  0  0  0  1  0  0  0  0  0  0  0  0 
 0  0  0  0  0  0  0  0  0  0  0  0  0  0  0  0  0  0  0  0  1 


 0  0  0  0  0  0  0  0  0  0  0  0  0  0  0  0  0  0  0  1  0 
 0  0  0  0  0  0  0  0  0  0  0  0  0  1  0  0  0  0  0  0  0 
 0  0  0  0  0  0  1  0  0  0  0  0  0  0  0  0  0  0  0  0  0 


 0  0  0  0  0  0  0  0  0  0  0  0  0  0  0  0  0  0  0  0  1 
 1  0  0  0  0  0  0  0  0  0  0  0  0  0  0  0  0  0  0  0  0 
 0  0  0  0  0  0  0  0  0  0  0  0  0  0  0  0  0  1  0  0  0 


 0  0  0  0  0  0  0  0  0  0  0  0  0  0  0  0  0  0  0  1  0 
 0  0  0  0  0  0  0  0  0  0  1  0  0  0  0  0  0  0  0  0  0 
 1  0  0  0  0  0  0  0  0  0  0  0  0  0  0  0  0  0  0  0  0 


 0  0  0  0  0  0  0  0  0  0  0  0  0  0  0  0  0  0  0  1  0 
 0  0  0  1  0  0  0  0  0  0  0  0  0  0  0  0  0  0  0  0  0 
 0  0  0  0  0  0  0  0  1  0  0  0  0  0  0  0  0  0  0  0  0 


 0  0  1  0  0  0  0  0  0  0  0  0  0  0  0  0  0  0  0  0  0 
 0  0  0  0  0  0  0  0  0  0  0  0  0  0  0  0  0  0  0  1  0 
 0  0  0  0  0  0  0  0  0  0  0  0  0  0  0  1  0  0  0  0  0 


 0  0  0  0  0  0  0  0  0  0  0  0  0  0  0  0  0  0  0  0  1 
 0  0  0  0  0  0  0  0  0  0  0  0  0  0  0  0  0  0  0  1  0 
 0  1  0  0  0  0  0  0  0  0  0  0  0  0  0  0  0  0  0  0  0 


 0  0  0  0  0  0  0  0  0  0  0  0  0  0  0  1  0  0  0  0  0 
 0  0  0  1  0  0  0  0  0  0  0  0  0  0  0  0  0  0  0  0  0 
 0  0  0  0  1  0  0  0  0  0  0  0  0  0  0  0  0  0  0  0  0 


 0  0  0  0  0  0  0  0  0  1  0  0  0  0  0  0  0  0  0  0  0 
 0  0  0  0  0  0  0  0  0  0  0  0  0  0  0  0  1  0  0  0  0 
 0  0  0  0  0  0  0  0  0  0  0  0  0  0  0  1  0  0  0  0  0 


 0  0  0  0  0  0  0  0  0  0  0  0  0  0  0  0  0  0  1  0  0 
 0  0  0  0  0  0  0  0  0  0  0  0  0  1  0  0  0  0  0  0  0 
 0  0  1  0  0  0  0  0  0  0  0  0  0  0  0  0  0  0  0  0  0 


 0  0  0  0  0  0  0  0  0  0  0  0  1  0  0  0  0  0  0  0  0 
 0  0  0  0  0  0  0  0  0  0  0  0  0  0  0  0  1  0  0  0  0 
 1  0  0  0  0  0  0  0  0  0  0  0  0  0  0  0  0  0  0  0  0 


 0  0  0  0  0  1  0  0  0  0  0  0  0  0  0  0  0  0  0  0  0 
 0  0  0  0  0  0  0  0  0  1  0  0  0  0  0  0  0  0  0  0  0 
 0  0  0  0  0  0  0  0  0  0  0  1  0  0  0  0  0  0  0  0  0 


 0  0  0  0  0  0  0  0  0  0  0  0  1  0  0  0  0  0  0  0  0 
 0  0  0  0  0  0  1  0  0  0  0  0  0  0  0  0  0  0  0  0  0 
 0  0  0  0  0  0  0  0  0  0  0  0  0  0  0  1  0  0  0  0  0 


14 18 10 
4 14 17 
10 13 11 
4 1 2 
12 1 14 
14 6 11 
8 5 14 
6 9 16 
15 14 13 
19 6 1 
19 9 11 
17 21 5 
18 9 17 
10 20 5 
20 19 17 
16 19 18 
11 8 7 
5 19 15 
4 10 19 
17 8 15 
21 11 4 
20 6 18 
12 3 21 
12 15 20 
16 1 8 
3 13 4 
12 16 2 
7 19 21 
7 2 15 
9 14 2 
9 15 1 
17 6 2 
12 4 8 
8 3 18 
21 8 6 
12 18 11 
5 18 7 
3 15 6 
12 7 17 
20 13 8 
6 4 7 
1 10 7 
5 12 9 
3 10 2 
19 13 12 
21 15 10 
10 8 9 
14 21 16 
13 5 6 
16 11 15 
17 11 3 
19 8 2 
7 9 3 
11 2 5 
18 15 4 
3 1 5 
2 13 18 
9 13 21 
20 14 7 
21 1 18 
20 11 1 
20 4 9 
3 20 16 
21 20 2 
16 4 5 
10 17 16 
19 14 3 
13 17 1 
6 10 12 
13 7 16 
