 0  0  0  0  0  1 
 0  0  1  0  0  0 
 0  0  0  0  1  0 


 0  0  0  0  1  0 
 0  1  0  0  0  0 
 0  0  0  1  0  0 


 0  0  0  0  0  1 
 1  0  0  0  0  0 
 0  1  0  0  0  0 


 0  1  0  0  0  0 
 0  0  0  1  0  0 
 0  0  1  0  0  0 


 0  0  1  0  0  0 
 0  0  0  0  1  0 
 1  0  0  0  0  0 


 0  0  0  0  0  1 
 0  1  0  0  0  0 
 0  0  0  0  1  0 


 0  0  0  1  0  0 
 0  0  0  0  1  0 
 1  0  0  0  0  0 


 0  0  1  0  0  0 
 0  1  0  0  0  0 
 1  0  0  0  0  0 


 0  0  0  0  0  1 
 0  0  0  1  0  0 
 0  0  1  0  0  0 


 0  0  0  1  0  0 
 0  0  0  0  0  1 
 1  0  0  0  0  0 


6 3 5 
5 2 4 
6 1 2 
2 4 3 
3 5 1 
6 2 5 
4 5 1 
3 2 1 
6 4 3 
4 6 1 
