 0  0  0  1  0  0  0 
 0  0  0  0  1  0  0 
 0  0  0  0  0  1  0 


 0  0  0  0  1  0  0 
 0  1  0  0  0  0  0 
 1  0  0  0  0  0  0 


 0  0  0  0  0  0  1 
 0  0  0  0  1  0  0 
 0  0  0  1  0  0  0 


 0  0  0  1  0  0  0 
 0  0  1  0  0  0  0 
 0  1  0  0  0  0  0 


 0  0  0  0  0  1  0 
 0  0  0  1  0  0  0 
 0  0  0  0  1  0  0 


 0  1  0  0  0  0  0 
 0  0  0  0  0  1  0 
 0  0  0  1  0  0  0 


 0  0  0  0  0  0  1 
 0  1  0  0  0  0  0 
 0  0  0  0  0  1  0 


 1  0  0  0  0  0  0 
 0  0  1  0  0  0  0 
 0  0  0  1  0  0  0 


 1  0  0  0  0  0  0 
 0  0  1  0  0  0  0 
 0  0  0  0  0  1  0 


 0  0  0  0  0  1  0 
 0  0  1  0  0  0  0 
 1  0  0  0  0  0  0 


 0  0  0  0  1  0  0 
 0  0  1  0  0  0  0 
 0  0  0  0  0  0  1 


 1  0  0  0  0  0  0 
 0  0  0  0  0  1  0 
 0  0  0  0  0  0  1 


 0  0  0  1  0  0  0 
 1  0  0  0  0  0  0 
 0  1  0  0  0  0  0 


 0  0  0  0  1  0  0 
 0  0  1  0  0  0  0 
 0  0  0  0  0  1  0 


 0  0  0  0  1  0  0 
 1  0  0  0  0  0  0 
 0  1  0  0  0  0  0 


 0  0  0  1  0  0  0 
 0  0  0  0  0  0  1 
 1  0  0  0  0  0  0 


 0  0  0  1  0  0  0 
 0  0  1  0  0  0  0 
 0  0  0  0  0  0  1 


 0  0  0  0  0  0  1 
 0  1  0  0  0  0  0 
 0  0  0  0  0  1  0 


 0  0  0  0  0  0  1 
 0  0  0  0  1  0  0 
 1  0  0  0  0  0  0 


 0  0  1  0  0  0  0 
 0  1  0  0  0  0  0 
 0  0  0  0  0  0  1 


 0  0  1  0  0  0  0 
 0  1  0  0  0  0  0 
 0  0  0  0  1  0  0 


4 5 6 
5 2 1 
7 5 4 
4 3 2 
6 4 5 
2 6 4 
7 2 6 
1 3 4 
1 3 6 
6 3 1 
5 3 7 
1 6 7 
4 1 2 
5 3 6 
5 1 2 
4 7 1 
4 3 7 
7 2 6 
7 5 1 
3 2 7 
3 2 5 
