 1  0  0  0  0  0  0 
 0  0  0  0  0  1  0 
 0  0  0  1  0  0  0 


 0  0  0  1  0  0  0 
 0  0  0  0  0  0  1 
 0  0  0  0  1  0  0 


 0  0  0  0  0  0  1 
 1  0  0  0  0  0  0 
 0  1  0  0  0  0  0 


 0  0  1  0  0  0  0 
 0  0  0  0  0  0  1 
 1  0  0  0  0  0  0 


 0  0  1  0  0  0  0 
 0  0  0  0  0  1  0 
 0  0  0  0  1  0  0 


 0  0  0  0  1  0  0 
 0  0  0  0  0  0  1 
 0  0  0  1  0  0  0 


 0  0  0  1  0  0  0 
 1  0  0  0  0  0  0 
 0  0  0  0  0  1  0 


 0  0  0  0  1  0  0 
 0  1  0  0  0  0  0 
 0  0  0  0  0  1  0 


 0  0  0  0  0  0  1 
 0  0  0  0  0  1  0 
 0  1  0  0  0  0  0 


 0  0  0  1  0  0  0 
 0  1  0  0  0  0  0 
 0  0  1  0  0  0  0 


 0  1  0  0  0  0  0 
 0  0  1  0  0  0  0 
 0  0  0  1  0  0  0 


 0  0  0  0  1  0  0 
 0  1  0  0  0  0  0 
 1  0  0  0  0  0  0 


 0  0  1  0  0  0  0 
 0  0  0  0  1  0  0 
 1  0  0  0  0  0  0 


 0  0  0  0  0  0  1 
 0  0  0  0  0  1  0 
 0  0  1  0  0  0  0 


1 6 4 
4 7 5 
7 1 2 
3 7 1 
3 6 5 
5 7 4 
4 1 6 
5 2 6 
7 6 2 
4 2 3 
2 3 4 
5 2 1 
3 5 1 
7 6 3 
