 0  0  0  0  0  0  1  0  0 
 0  1  0  0  0  0  0  0  0 
 0  0  0  0  0  1  0  0  0 


 0  0  0  1  0  0  0  0  0 
 0  0  0  0  0  1  0  0  0 
 0  0  0  0  1  0  0  0  0 


 0  0  0  0  0  0  0  0  1 
 0  0  0  0  1  0  0  0  0 
 0  0  0  0  0  0  1  0  0 


 0  0  0  0  0  0  1  0  0 
 0  0  0  0  0  0  0  0  1 
 0  0  0  1  0  0  0  0  0 


 0  0  0  1  0  0  0  0  0 
 0  0  0  0  0  0  1  0  0 
 0  0  0  0  0  0  0  1  0 


 0  0  0  0  0  0  0  1  0 
 0  0  0  0  0  1  0  0  0 
 1  0  0  0  0  0  0  0  0 


 0  0  0  0  1  0  0  0  0 
 1  0  0  0  0  0  0  0  0 
 0  0  0  0  0  0  1  0  0 


 0  0  0  0  0  0  0  0  1 
 0  0  1  0  0  0  0  0  0 
 0  1  0  0  0  0  0  0  0 


 1  0  0  0  0  0  0  0  0 
 0  0  1  0  0  0  0  0  0 
 0  0  0  1  0  0  0  0  0 


 0  0  0  0  0  0  0  1  0 
 0  0  0  0  0  1  0  0  0 
 0  0  0  0  0  0  0  0  1 


 0  0  0  0  0  0  1  0  0 
 0  0  1  0  0  0  0  0  0 
 0  1  0  0  0  0  0  0  0 


 0  0  0  0  1  0  0  0  0 
 0  0  1  0  0  0  0  0  0 
 0  0  0  1  0  0  0  0  0 


 1  0  0  0  0  0  0  0  0 
 0  0  0  0  0  0  1  0  0 
 0  0  0  0  0  0  0  1  0 


 1  0  0  0  0  0  0  0  0 
 0  0  0  0  1  0  0  0  0 
 0  1  0  0  0  0  0  0  0 


 0  1  0  0  0  0  0  0  0 
 0  0  0  1  0  0  0  0  0 
 0  0  0  0  0  0  0  1  0 


 0  1  0  0  0  0  0  0  0 
 0  0  0  1  0  0  0  0  0 
 0  0  0  0  0  1  0  0  0 


 0  0  0  1  0  0  0  0  0 
 0  0  0  0  0  0  0  0  1 
 1  0  0  0  0  0  0  0  0 


 1  0  0  0  0  0  0  0  0 
 0  1  0  0  0  0  0  0  0 
 0  0  0  0  0  0  0  0  1 


 0  0  0  0  0  0  1  0  0 
 0  0  0  0  0  1  0  0  0 
 0  0  1  0  0  0  0  0  0 


 0  0  1  0  0  0  0  0  0 
 0  0  0  0  0  0  0  0  1 
 0  0  0  0  0  0  0  1  0 


 0  0  0  0  1  0  0  0  0 
 0  0  0  0  0  0  0  1  0 
 0  1  0  0  0  0  0  0  0 


 0  0  0  0  0  0  0  0  1 
 0  0  0  0  0  1  0  0  0 
 0  0  0  0  1  0  0  0  0 


 1  0  0  0  0  0  0  0  0 
 0  0  0  0  0  1  0  0  0 
 0  0  1  0  0  0  0  0  0 


 0  0  0  0  0  0  0  1  0 
 0  0  0  0  1  0  0  0  0 
 0  0  1  0  0  0  0  0  0 


7 2 6 
4 6 5 
9 5 7 
7 9 4 
4 7 8 
8 6 1 
5 1 7 
9 3 2 
1 3 4 
8 6 9 
7 3 2 
5 3 4 
1 7 8 
1 5 2 
2 4 8 
2 4 6 
4 9 1 
1 2 9 
7 6 3 
3 9 8 
5 8 2 
9 6 5 
1 6 3 
8 5 3 
