 0  0  0  0  0  0  0  0  1 
 0  1  0  0  0  0  0  0  0 
 1  0  0  0  0  0  0  0  0 
 0  0  0  0  0  0  1  0  0 


 0  0  0  0  0  0  0  1  0 
 0  0  1  0  0  0  0  0  0 
 0  0  0  1  0  0  0  0  0 
 0  0  0  0  0  0  0  0  1 


 0  0  0  0  0  1  0  0  0 
 0  0  0  0  1  0  0  0  0 
 0  0  0  0  0  0  1  0  0 
 0  0  1  0  0  0  0  0  0 


 0  0  0  0  0  1  0  0  0 
 0  0  1  0  0  0  0  0  0 
 0  0  0  0  0  0  0  1  0 
 1  0  0  0  0  0  0  0  0 


 0  0  0  1  0  0  0  0  0 
 0  0  0  0  0  1  0  0  0 
 0  0  0  0  1  0  0  0  0 
 1  0  0  0  0  0  0  0  0 


 0  0  1  0  0  0  0  0  0 
 0  0  0  0  0  0  1  0  0 
 0  0  0  0  0  1  0  0  0 
 0  1  0  0  0  0  0  0  0 


 0  0  0  0  0  0  1  0  0 
 1  0  0  0  0  0  0  0  0 
 0  0  0  1  0  0  0  0  0 
 0  0  0  0  1  0  0  0  0 


 0  0  0  0  1  0  0  0  0 
 1  0  0  0  0  0  0  0  0 
 0  0  1  0  0  0  0  0  0 
 0  0  0  0  0  0  0  0  1 


 0  0  0  0  0  1  0  0  0 
 0  0  0  0  0  0  0  0  1 
 0  0  0  1  0  0  0  0  0 
 0  0  0  0  0  0  1  0  0 


 0  0  1  0  0  0  0  0  0 
 0  0  0  0  0  0  0  0  1 
 0  1  0  0  0  0  0  0  0 
 0  0  0  0  1  0  0  0  0 


 0  0  0  0  0  0  0  1  0 
 0  0  0  0  1  0  0  0  0 
 0  0  0  0  0  0  1  0  0 
 0  1  0  0  0  0  0  0  0 


 0  0  0  0  1  0  0  0  0 
 0  0  0  0  0  0  0  0  1 
 0  0  0  0  0  1  0  0  0 
 0  0  0  0  0  0  0  1  0 


 0  0  0  0  0  1  0  0  0 
 0  0  0  1  0  0  0  0  0 
 0  1  0  0  0  0  0  0  0 
 0  0  0  0  0  0  0  0  1 


 0  0  0  0  0  0  1  0  0 
 1  0  0  0  0  0  0  0  0 
 0  0  0  0  0  0  0  1  0 
 0  0  0  0  0  0  0  0  1 


 0  1  0  0  0  0  0  0  0 
 0  0  0  1  0  0  0  0  0 
 1  0  0  0  0  0  0  0  0 
 0  0  1  0  0  0  0  0  0 


 0  0  1  0  0  0  0  0  0 
 0  0  0  0  0  0  1  0  0 
 0  0  0  0  0  0  0  1  0 
 0  0  0  1  0  0  0  0  0 


 0  1  0  0  0  0  0  0  0 
 0  0  0  0  0  0  0  1  0 
 0  0  0  1  0  0  0  0  0 
 0  0  0  0  1  0  0  0  0 


 0  0  0  0  0  0  0  1  0 
 0  0  0  0  0  1  0  0  0 
 1  0  0  0  0  0  0  0  0 
 0  1  0  0  0  0  0  0  0 


9 2 1 7 
8 3 4 9 
6 5 7 3 
6 3 8 1 
4 6 5 1 
3 7 6 2 
7 1 4 5 
5 1 3 9 
6 9 4 7 
3 9 2 5 
8 5 7 2 
5 9 6 8 
6 4 2 9 
7 1 8 9 
2 4 1 3 
3 7 8 4 
2 8 4 5 
8 6 1 2 
