 1  0  0  0  0  0  0  0  0 
 0  1  0  0  0  0  0  0  0 
 0  0  0  1  0  0  0  0  0 


 1  0  0  0  0  0  0  0  0 
 0  0  0  0  0  0  0  1  0 
 0  1  0  0  0  0  0  0  0 


 0  0  1  0  0  0  0  0  0 
 0  0  0  0  1  0  0  0  0 
 0  0  0  0  0  0  0  0  1 


 0  0  0  1  0  0  0  0  0 
 0  0  0  0  0  0  0  0  1 
 0  0  0  0  0  0  1  0  0 


 1  0  0  0  0  0  0  0  0 
 0  0  0  0  0  1  0  0  0 
 0  0  0  0  0  0  1  0  0 


 0  0  0  1  0  0  0  0  0 
 0  0  0  0  0  1  0  0  0 
 0  1  0  0  0  0  0  0  0 


 1  0  0  0  0  0  0  0  0 
 0  0  0  1  0  0  0  0  0 
 0  0  0  0  1  0  0  0  0 


 0  0  0  0  0  0  0  0  1 
 0  0  0  1  0  0  0  0  0 
 0  0  0  0  1  0  0  0  0 


 0  0  0  0  1  0  0  0  0 
 0  1  0  0  0  0  0  0  0 
 0  0  0  0  0  0  0  0  1 


 1  0  0  0  0  0  0  0  0 
 0  0  1  0  0  0  0  0  0 
 0  1  0  0  0  0  0  0  0 


 0  0  0  0  0  0  1  0  0 
 0  0  0  0  1  0  0  0  0 
 0  0  0  0  0  1  0  0  0 


 0  0  0  0  0  1  0  0  0 
 1  0  0  0  0  0  0  0  0 
 0  0  0  0  0  0  0  0  1 


 0  0  0  0  0  0  1  0  0 
 0  0  0  0  0  0  0  1  0 
 0  0  1  0  0  0  0  0  0 


 0  0  0  1  0  0  0  0  0 
 0  0  0  0  1  0  0  0  0 
 0  0  1  0  0  0  0  0  0 


 0  0  0  0  0  0  0  1  0 
 0  0  0  1  0  0  0  0  0 
 0  0  0  0  0  0  0  0  1 


 0  0  0  0  0  0  0  1  0 
 1  0  0  0  0  0  0  0  0 
 0  0  0  1  0  0  0  0  0 


 0  0  0  0  0  0  0  1  0 
 0  0  0  0  0  1  0  0  0 
 0  0  0  0  1  0  0  0  0 


 1  0  0  0  0  0  0  0  0 
 0  0  0  0  0  0  1  0  0 
 0  0  0  0  0  0  0  0  1 


 0  0  0  0  0  0  0  1  0 
 0  0  0  1  0  0  0  0  0 
 0  0  0  0  0  0  1  0  0 


 1  0  0  0  0  0  0  0  0 
 0  0  0  0  0  0  1  0  0 
 0  0  0  0  1  0  0  0  0 


 0  0  0  0  0  0  0  1  0 
 0  0  1  0  0  0  0  0  0 
 0  0  0  0  0  0  0  0  1 


 0  0  0  0  0  0  0  0  1 
 0  0  0  0  0  1  0  0  0 
 0  0  0  0  0  0  0  1  0 


 0  1  0  0  0  0  0  0  0 
 0  0  0  0  0  0  0  1  0 
 0  0  0  0  1  0  0  0  0 


 0  0  0  0  0  0  0  1  0 
 0  0  0  0  0  0  1  0  0 
 0  0  0  0  0  1  0  0  0 


 0  0  0  0  1  0  0  0  0 
 1  0  0  0  0  0  0  0  0 
 0  0  0  0  0  0  0  1  0 


 0  0  0  0  0  1  0  0  0 
 0  0  1  0  0  0  0  0  0 
 1  0  0  0  0  0  0  0  0 


 0  0  1  0  0  0  0  0  0 
 1  0  0  0  0  0  0  0  0 
 0  0  0  0  0  0  0  0  1 


 0  0  0  1  0  0  0  0  0 
 0  0  0  0  0  1  0  0  0 
 0  1  0  0  0  0  0  0  0 


 0  0  0  0  0  0  0  0  1 
 0  1  0  0  0  0  0  0  0 
 0  0  0  0  0  1  0  0  0 


 0  0  1  0  0  0  0  0  0 
 0  1  0  0  0  0  0  0  0 
 0  0  0  0  0  0  0  1  0 


 0  0  0  0  1  0  0  0  0 
 0  0  1  0  0  0  0  0  0 
 0  0  0  0  0  1  0  0  0 


 0  0  1  0  0  0  0  0  0 
 0  0  0  0  0  0  1  0  0 
 0  1  0  0  0  0  0  0  0 


 0  0  0  1  0  0  0  0  0 
 0  0  0  0  0  0  1  0  0 
 0  0  1  0  0  0  0  0  0 


 0  1  0  0  0  0  0  0  0 
 0  0  0  0  0  0  1  0  0 
 0  0  0  0  0  0  0  0  1 


 0  0  1  0  0  0  0  0  0 
 0  0  0  1  0  0  0  0  0 
 0  0  0  0  0  1  0  0  0 


 0  0  0  0  1  0  0  0  0 
 0  0  0  0  0  0  1  0  0 
 0  1  0  0  0  0  0  0  0 


1 2 4 
1 8 2 
3 5 9 
4 9 7 
1 6 7 
4 6 2 
1 4 5 
9 4 5 
5 2 9 
1 3 2 
7 5 6 
6 1 9 
7 8 3 
4 5 3 
8 4 9 
8 1 4 
8 6 5 
1 7 9 
8 4 7 
1 7 5 
8 3 9 
9 6 8 
2 8 5 
8 7 6 
5 1 8 
6 3 1 
3 1 9 
4 6 2 
9 2 6 
3 2 8 
5 3 6 
3 7 2 
4 7 3 
2 7 9 
3 4 6 
5 7 2 
