 0  0  0  1  0  0  0  0  0 
 0  0  0  0  0  0  0  1  0 
 1  0  0  0  0  0  0  0  0 


 0  0  0  0  0  0  0  0  1 
 0  0  1  0  0  0  0  0  0 
 1  0  0  0  0  0  0  0  0 


 0  0  0  0  0  0  1  0  0 
 0  0  0  0  0  0  0  0  1 
 0  0  0  0  0  1  0  0  0 


 0  0  0  0  0  0  0  1  0 
 0  0  0  0  0  0  1  0  0 
 0  0  1  0  0  0  0  0  0 


 0  0  0  0  0  0  1  0  0 
 0  1  0  0  0  0  0  0  0 
 0  0  0  1  0  0  0  0  0 


 0  0  0  0  1  0  0  0  0 
 1  0  0  0  0  0  0  0  0 
 0  0  0  0  0  0  1  0  0 


 0  0  0  0  0  0  0  1  0 
 0  0  0  0  0  1  0  0  0 
 0  0  0  0  1  0  0  0  0 


 0  1  0  0  0  0  0  0  0 
 0  0  1  0  0  0  0  0  0 
 0  0  0  0  1  0  0  0  0 


 0  0  1  0  0  0  0  0  0 
 0  0  0  1  0  0  0  0  0 
 0  0  0  0  0  1  0  0  0 


 0  0  0  0  0  0  0  1  0 
 0  0  0  0  0  0  0  0  1 
 0  1  0  0  0  0  0  0  0 


 0  0  0  1  0  0  0  0  0 
 0  0  0  0  0  0  0  0  1 
 0  0  0  0  1  0  0  0  0 


 0  0  0  0  0  1  0  0  0 
 0  1  0  0  0  0  0  0  0 
 1  0  0  0  0  0  0  0  0 


4 8 1 
9 3 1 
7 9 6 
8 7 3 
7 2 4 
5 1 7 
8 6 5 
2 3 5 
3 4 6 
8 9 2 
4 9 5 
6 2 1 
