 0  0  0  0  0  0  0  0  0  1 
 0  0  0  0  0  0  0  1  0  0 
 0  0  0  0  0  1  0  0  0  0 
 0  0  0  0  0  0  1  0  0  0 


 0  1  0  0  0  0  0  0  0  0 
 0  0  0  0  0  0  0  0  0  1 
 0  0  0  0  0  0  0  1  0  0 
 0  0  0  0  0  0  0  0  1  0 


 0  0  0  0  1  0  0  0  0  0 
 0  0  0  0  0  0  1  0  0  0 
 0  0  1  0  0  0  0  0  0  0 
 0  0  0  0  0  0  0  0  0  1 


 0  0  1  0  0  0  0  0  0  0 
 0  0  0  0  0  0  0  0  0  1 
 0  0  0  1  0  0  0  0  0  0 
 0  1  0  0  0  0  0  0  0  0 


 1  0  0  0  0  0  0  0  0  0 
 0  0  0  0  0  0  1  0  0  0 
 0  0  0  0  0  0  0  1  0  0 
 0  0  0  0  0  0  0  0  1  0 


 0  0  0  0  0  0  0  1  0  0 
 1  0  0  0  0  0  0  0  0  0 
 0  0  1  0  0  0  0  0  0  0 
 0  0  0  0  0  0  0  0  0  1 


 1  0  0  0  0  0  0  0  0  0 
 0  0  0  0  0  0  0  0  1  0 
 0  0  0  0  0  0  0  0  0  1 
 0  0  0  0  1  0  0  0  0  0 


 0  0  0  0  0  0  0  1  0  0 
 0  1  0  0  0  0  0  0  0  0 
 0  0  1  0  0  0  0  0  0  0 
 0  0  0  0  0  1  0  0  0  0 


 1  0  0  0  0  0  0  0  0  0 
 0  0  0  0  1  0  0  0  0  0 
 0  0  0  0  0  1  0  0  0  0 
 0  0  0  0  0  0  0  1  0  0 


 0  0  0  0  1  0  0  0  0  0 
 0  0  0  0  0  1  0  0  0  0 
 0  0  0  0  0  0  1  0  0  0 
 0  0  0  0  0  0  0  0  1  0 


 1  0  0  0  0  0  0  0  0  0 
 0  0  0  0  0  0  1  0  0  0 
 0  0  1  0  0  0  0  0  0  0 
 0  0  0  0  0  1  0  0  0  0 


 1  0  0  0  0  0  0  0  0  0 
 0  0  0  0  0  0  0  0  1  0 
 0  0  1  0  0  0  0  0  0  0 
 0  0  0  1  0  0  0  0  0  0 


 0  1  0  0  0  0  0  0  0  0 
 0  0  0  0  0  1  0  0  0  0 
 0  0  0  0  1  0  0  0  0  0 
 0  0  0  0  0  0  0  0  0  1 


 1  0  0  0  0  0  0  0  0  0 
 0  1  0  0  0  0  0  0  0  0 
 0  0  0  0  0  0  0  1  0  0 
 0  0  0  1  0  0  0  0  0  0 


 0  0  0  0  0  0  0  1  0  0 
 0  0  0  0  1  0  0  0  0  0 
 0  1  0  0  0  0  0  0  0  0 
 0  0  0  0  0  0  1  0  0  0 


 0  0  0  0  1  0  0  0  0  0 
 0  1  0  0  0  0  0  0  0  0 
 1  0  0  0  0  0  0  0  0  0 
 0  0  1  0  0  0  0  0  0  0 


 1  0  0  0  0  0  0  0  0  0 
 0  1  0  0  0  0  0  0  0  0 
 0  0  0  0  0  0  1  0  0  0 
 0  0  0  0  0  0  0  0  0  1 


 0  0  0  0  0  0  0  0  0  1 
 0  0  0  0  0  0  0  1  0  0 
 0  0  0  0  1  0  0  0  0  0 
 0  0  0  1  0  0  0  0  0  0 


 0  0  0  0  0  0  0  0  1  0 
 0  0  0  0  0  0  0  1  0  0 
 0  0  1  0  0  0  0  0  0  0 
 0  0  0  0  1  0  0  0  0  0 


 0  0  1  0  0  0  0  0  0  0 
 0  0  0  0  0  1  0  0  0  0 
 0  0  0  0  0  0  0  0  0  1 
 0  0  0  0  0  0  0  0  1  0 


 0  0  0  0  0  0  0  1  0  0 
 0  0  1  0  0  0  0  0  0  0 
 0  0  0  1  0  0  0  0  0  0 
 0  0  0  0  0  0  1  0  0  0 


 0  0  0  0  0  0  0  0  0  1 
 1  0  0  0  0  0  0  0  0  0 
 0  0  0  0  0  1  0  0  0  0 
 0  0  0  1  0  0  0  0  0  0 


 1  0  0  0  0  0  0  0  0  0 
 0  0  0  0  1  0  0  0  0  0 
 0  0  0  1  0  0  0  0  0  0 
 0  0  0  0  0  0  1  0  0  0 


 0  0  0  0  0  0  0  1  0  0 
 0  0  0  0  0  0  0  0  1  0 
 0  0  0  0  0  1  0  0  0  0 
 0  0  0  1  0  0  0  0  0  0 


 0  0  0  0  0  0  0  0  1  0 
 0  0  0  0  0  0  1  0  0  0 
 0  0  0  1  0  0  0  0  0  0 
 0  0  0  0  0  0  0  0  0  1 


 0  0  0  0  0  1  0  0  0  0 
 0  0  1  0  0  0  0  0  0  0 
 0  0  0  0  1  0  0  0  0  0 
 0  0  0  1  0  0  0  0  0  0 


 0  0  0  0  1  0  0  0  0  0 
 0  1  0  0  0  0  0  0  0  0 
 0  0  0  0  0  0  0  0  1  0 
 0  0  0  1  0  0  0  0  0  0 


 0  0  0  0  0  0  1  0  0  0 
 0  1  0  0  0  0  0  0  0  0 
 0  0  1  0  0  0  0  0  0  0 
 0  0  0  0  0  0  0  0  1  0 


 1  0  0  0  0  0  0  0  0  0 
 0  1  0  0  0  0  0  0  0  0 
 0  0  0  0  0  0  0  0  1  0 
 0  0  0  0  0  1  0  0  0  0 


 0  1  0  0  0  0  0  0  0  0 
 0  0  0  0  0  1  0  0  0  0 
 0  0  0  0  0  0  1  0  0  0 
 0  0  0  1  0  0  0  0  0  0 


10 8 6 7 
2 10 8 9 
5 7 3 10 
3 10 4 2 
1 7 8 9 
8 1 3 10 
1 9 10 5 
8 2 3 6 
1 5 6 8 
5 6 7 9 
1 7 3 6 
1 9 3 4 
2 6 5 10 
1 2 8 4 
8 5 2 7 
5 2 1 3 
1 2 7 10 
10 8 5 4 
9 8 3 5 
3 6 10 9 
8 3 4 7 
10 1 6 4 
1 5 4 7 
8 9 6 4 
9 7 4 10 
6 3 5 4 
5 2 9 4 
7 2 3 9 
1 2 9 6 
2 6 7 4 
