 0  0  0  0  0  0  0  0  1  0  0 
 0  0  0  0  0  0  1  0  0  0  0 
 0  0  0  1  0  0  0  0  0  0  0 
 0  0  0  0  0  0  0  0  0  0  1 
 1  0  0  0  0  0  0  0  0  0  0 


 0  1  0  0  0  0  0  0  0  0  0 
 0  0  1  0  0  0  0  0  0  0  0 
 0  0  0  1  0  0  0  0  0  0  0 
 0  0  0  0  0  0  1  0  0  0  0 
 0  0  0  0  0  0  0  0  1  0  0 


 0  0  0  0  0  0  0  0  0  1  0 
 1  0  0  0  0  0  0  0  0  0  0 
 0  0  0  0  0  0  1  0  0  0  0 
 0  0  1  0  0  0  0  0  0  0  0 
 0  0  0  1  0  0  0  0  0  0  0 


 0  0  0  0  0  1  0  0  0  0  0 
 0  0  1  0  0  0  0  0  0  0  0 
 0  0  0  0  0  0  1  0  0  0  0 
 0  0  0  0  1  0  0  0  0  0  0 
 0  0  0  0  0  0  0  0  1  0  0 


 0  0  0  0  0  0  0  1  0  0  0 
 0  0  0  0  0  1  0  0  0  0  0 
 0  0  0  0  0  0  0  0  0  1  0 
 0  0  0  0  0  0  0  0  0  0  1 
 0  0  0  0  0  0  0  0  1  0  0 


 0  0  0  0  0  0  0  0  0  0  1 
 0  0  0  0  0  1  0  0  0  0  0 
 0  0  0  0  0  0  0  0  1  0  0 
 0  0  1  0  0  0  0  0  0  0  0 
 1  0  0  0  0  0  0  0  0  0  0 


 0  0  0  0  0  1  0  0  0  0  0 
 0  1  0  0  0  0  0  0  0  0  0 
 0  0  0  0  1  0  0  0  0  0  0 
 0  0  1  0  0  0  0  0  0  0  0 
 0  0  0  1  0  0  0  0  0  0  0 


 1  0  0  0  0  0  0  0  0  0  0 
 0  0  0  0  0  0  0  0  1  0  0 
 0  0  0  0  0  1  0  0  0  0  0 
 0  0  0  0  0  0  0  0  0  1  0 
 0  0  0  0  0  0  1  0  0  0  0 


 0  0  1  0  0  0  0  0  0  0  0 
 0  1  0  0  0  0  0  0  0  0  0 
 0  0  0  0  0  0  0  0  0  1  0 
 0  0  0  0  0  0  0  0  1  0  0 
 1  0  0  0  0  0  0  0  0  0  0 


 0  0  0  0  0  0  0  1  0  0  0 
 0  0  0  0  1  0  0  0  0  0  0 
 0  0  0  1  0  0  0  0  0  0  0 
 0  0  0  0  0  0  1  0  0  0  0 
 0  0  1  0  0  0  0  0  0  0  0 


 0  0  0  0  1  0  0  0  0  0  0 
 0  0  0  0  0  0  0  0  0  0  1 
 0  0  1  0  0  0  0  0  0  0  0 
 0  0  0  1  0  0  0  0  0  0  0 
 0  0  0  0  0  0  0  0  0  1  0 


 0  0  0  0  1  0  0  0  0  0  0 
 0  0  0  0  0  0  0  0  0  1  0 
 0  0  0  0  0  0  1  0  0  0  0 
 0  1  0  0  0  0  0  0  0  0  0 
 0  0  1  0  0  0  0  0  0  0  0 


 0  0  0  0  0  0  0  0  0  0  1 
 0  0  0  1  0  0  0  0  0  0  0 
 0  0  0  0  0  1  0  0  0  0  0 
 0  0  0  0  0  0  0  0  0  1  0 
 1  0  0  0  0  0  0  0  0  0  0 


 0  0  0  0  0  0  0  1  0  0  0 
 0  0  0  0  0  0  0  0  0  1  0 
 0  0  0  1  0  0  0  0  0  0  0 
 0  0  1  0  0  0  0  0  0  0  0 
 0  1  0  0  0  0  0  0  0  0  0 


 0  0  0  0  0  0  0  1  0  0  0 
 0  0  0  0  0  0  0  0  0  0  1 
 0  1  0  0  0  0  0  0  0  0  0 
 0  0  0  0  0  0  0  0  0  1  0 
 0  0  0  0  1  0  0  0  0  0  0 


 0  0  0  1  0  0  0  0  0  0  0 
 1  0  0  0  0  0  0  0  0  0  0 
 0  1  0  0  0  0  0  0  0  0  0 
 0  0  0  0  1  0  0  0  0  0  0 
 0  0  0  0  0  0  0  0  0  1  0 


 0  0  0  1  0  0  0  0  0  0  0 
 0  0  1  0  0  0  0  0  0  0  0 
 0  0  0  0  0  0  0  0  1  0  0 
 0  0  0  0  0  0  0  1  0  0  0 
 0  0  0  0  0  0  0  0  0  0  1 


 0  0  0  0  1  0  0  0  0  0  0 
 0  0  0  1  0  0  0  0  0  0  0 
 0  0  0  0  0  1  0  0  0  0  0 
 0  0  0  0  0  0  0  0  1  0  0 
 0  0  0  0  0  0  0  0  0  0  1 


 0  0  0  1  0  0  0  0  0  0  0 
 0  0  1  0  0  0  0  0  0  0  0 
 0  0  0  0  1  0  0  0  0  0  0 
 1  0  0  0  0  0  0  0  0  0  0 
 0  0  0  0  0  0  0  0  1  0  0 


 0  1  0  0  0  0  0  0  0  0  0 
 0  0  0  0  0  0  0  0  0  0  1 
 0  0  1  0  0  0  0  0  0  0  0 
 0  0  0  0  0  0  0  0  0  1  0 
 0  0  0  0  0  1  0  0  0  0  0 


 0  0  0  0  0  0  1  0  0  0  0 
 0  0  0  0  0  1  0  0  0  0  0 
 0  0  0  0  0  0  0  0  1  0  0 
 0  0  0  0  0  0  0  0  0  0  1 
 0  1  0  0  0  0  0  0  0  0  0 


 0  0  0  0  0  0  0  0  1  0  0 
 0  0  0  0  0  0  0  1  0  0  0 
 1  0  0  0  0  0  0  0  0  0  0 
 0  0  0  0  0  1  0  0  0  0  0 
 0  0  0  0  1  0  0  0  0  0  0 


 0  0  0  0  0  0  0  1  0  0  0 
 0  0  0  0  0  1  0  0  0  0  0 
 1  0  0  0  0  0  0  0  0  0  0 
 0  0  1  0  0  0  0  0  0  0  0 
 0  0  0  1  0  0  0  0  0  0  0 


 0  0  0  0  0  0  0  0  0  0  1 
 0  1  0  0  0  0  0  0  0  0  0 
 0  0  0  0  1  0  0  0  0  0  0 
 1  0  0  0  0  0  0  0  0  0  0 
 0  0  0  0  0  1  0  0  0  0  0 


 0  0  0  0  0  0  0  0  0  1  0 
 0  0  0  0  0  0  0  1  0  0  0 
 1  0  0  0  0  0  0  0  0  0  0 
 0  0  0  0  0  1  0  0  0  0  0 
 0  1  0  0  0  0  0  0  0  0  0 


 0  1  0  0  0  0  0  0  0  0  0 
 0  0  0  0  0  1  0  0  0  0  0 
 0  0  0  0  0  0  0  1  0  0  0 
 0  0  0  1  0  0  0  0  0  0  0 
 0  0  0  0  0  0  0  0  0  0  1 


 0  0  0  0  0  1  0  0  0  0  0 
 0  0  0  0  0  0  1  0  0  0  0 
 0  0  1  0  0  0  0  0  0  0  0 
 0  0  0  0  0  0  0  1  0  0  0 
 0  0  0  0  0  0  0  0  0  1  0 


 0  0  0  0  0  0  1  0  0  0  0 
 0  0  0  0  0  0  0  0  0  0  1 
 0  1  0  0  0  0  0  0  0  0  0 
 0  0  0  1  0  0  0  0  0  0  0 
 0  0  0  0  1  0  0  0  0  0  0 


 1  0  0  0  0  0  0  0  0  0  0 
 0  0  0  0  0  0  0  1  0  0  0 
 0  0  0  1  0  0  0  0  0  0  0 
 0  1  0  0  0  0  0  0  0  0  0 
 0  0  0  0  0  0  1  0  0  0  0 


 1  0  0  0  0  0  0  0  0  0  0 
 0  0  0  0  0  0  0  1  0  0  0 
 0  0  0  0  0  0  0  0  0  1  0 
 0  0  0  0  1  0  0  0  0  0  0 
 0  0  0  0  0  0  1  0  0  0  0 


 0  0  0  0  1  0  0  0  0  0  0 
 1  0  0  0  0  0  0  0  0  0  0 
 0  0  0  1  0  0  0  0  0  0  0 
 0  0  0  0  0  0  0  1  0  0  0 
 0  0  0  0  0  0  0  0  0  0  1 


 0  0  1  0  0  0  0  0  0  0  0 
 0  0  0  0  0  0  0  1  0  0  0 
 0  0  0  0  0  0  0  0  1  0  0 
 0  0  0  0  0  1  0  0  0  0  0 
 0  1  0  0  0  0  0  0  0  0  0 


 0  0  0  0  0  0  0  0  0  0  1 
 0  0  0  0  0  0  0  0  1  0  0 
 0  0  0  0  0  0  0  0  0  1  0 
 0  0  1  0  0  0  0  0  0  0  0 
 0  0  0  0  0  0  1  0  0  0  0 


 1  0  0  0  0  0  0  0  0  0  0 
 0  0  0  0  0  0  0  0  0  1  0 
 0  1  0  0  0  0  0  0  0  0  0 
 0  0  0  0  0  0  0  0  0  0  1 
 0  0  0  0  0  0  1  0  0  0  0 


 0  0  0  0  0  0  1  0  0  0  0 
 1  0  0  0  0  0  0  0  0  0  0 
 0  0  0  0  0  0  0  1  0  0  0 
 0  0  0  0  0  0  0  0  0  0  1 
 0  0  0  0  0  1  0  0  0  0  0 


 0  0  0  0  0  0  0  0  0  1  0 
 0  1  0  0  0  0  0  0  0  0  0 
 0  0  0  1  0  0  0  0  0  0  0 
 0  0  0  0  0  0  0  0  1  0  0 
 0  0  0  0  0  0  0  0  0  0  1 


 0  0  1  0  0  0  0  0  0  0  0 
 0  1  0  0  0  0  0  0  0  0  0 
 0  0  0  0  0  0  0  1  0  0  0 
 0  0  0  0  1  0  0  0  0  0  0 
 1  0  0  0  0  0  0  0  0  0  0 


 0  0  0  0  1  0  0  0  0  0  0 
 0  0  0  0  0  0  0  0  0  0  1 
 1  0  0  0  0  0  0  0  0  0  0 
 0  0  0  0  0  0  0  0  0  1  0 
 0  0  0  0  0  0  0  0  1  0  0 


 0  0  0  0  0  0  0  0  1  0  0 
 0  0  0  0  1  0  0  0  0  0  0 
 0  0  0  0  0  0  0  0  0  1  0 
 0  0  0  0  0  0  1  0  0  0  0 
 0  0  0  1  0  0  0  0  0  0  0 


 0  0  0  0  0  0  1  0  0  0  0 
 0  0  0  0  0  0  0  0  1  0  0 
 0  0  0  0  1  0  0  0  0  0  0 
 0  0  0  0  0  0  0  1  0  0  0 
 0  0  0  0  0  0  0  0  0  0  1 


 0  0  0  0  1  0  0  0  0  0  0 
 0  0  0  0  0  0  0  1  0  0  0 
 0  0  0  0  0  0  0  0  0  0  1 
 0  0  1  0  0  0  0  0  0  0  0 
 0  0  0  0  0  1  0  0  0  0  0 


 0  0  0  1  0  0  0  0  0  0  0 
 0  0  0  0  0  0  1  0  0  0  0 
 0  0  0  0  1  0  0  0  0  0  0 
 0  0  0  0  0  1  0  0  0  0  0 
 1  0  0  0  0  0  0  0  0  0  0 


 0  0  0  0  0  0  0  0  1  0  0 
 0  0  0  0  0  0  0  0  0  0  1 
 0  0  0  0  0  0  0  1  0  0  0 
 1  0  0  0  0  0  0  0  0  0  0 
 0  1  0  0  0  0  0  0  0  0  0 


 0  1  0  0  0  0  0  0  0  0  0 
 0  0  0  0  0  0  0  0  1  0  0 
 0  0  0  0  0  0  0  1  0  0  0 
 0  0  0  0  0  0  0  0  0  1  0 
 0  0  0  0  0  0  1  0  0  0  0 


 0  0  0  0  0  0  0  0  0  1  0 
 1  0  0  0  0  0  0  0  0  0  0 
 0  0  0  0  0  0  0  0  0  0  1 
 0  0  0  0  0  0  0  1  0  0  0 
 0  0  1  0  0  0  0  0  0  0  0 


 0  1  0  0  0  0  0  0  0  0  0 
 0  0  0  1  0  0  0  0  0  0  0 
 0  0  0  0  0  0  0  0  0  1  0 
 0  0  0  0  0  1  0  0  0  0  0 
 0  0  0  0  0  0  1  0  0  0  0 


 1  0  0  0  0  0  0  0  0  0  0 
 0  1  0  0  0  0  0  0  0  0  0 
 0  0  0  0  0  0  0  0  0  0  1 
 0  0  1  0  0  0  0  0  0  0  0 
 0  0  0  1  0  0  0  0  0  0  0 


 0  0  0  0  1  0  0  0  0  0  0 
 1  0  0  0  0  0  0  0  0  0  0 
 0  0  1  0  0  0  0  0  0  0  0 
 0  0  0  0  0  1  0  0  0  0  0 
 0  0  0  0  0  0  0  0  0  1  0 


 0  0  0  0  0  0  0  0  1  0  0 
 0  1  0  0  0  0  0  0  0  0  0 
 0  0  0  1  0  0  0  0  0  0  0 
 0  0  0  0  0  0  0  1  0  0  0 
 0  0  0  0  1  0  0  0  0  0  0 


 0  0  0  1  0  0  0  0  0  0  0 
 0  1  0  0  0  0  0  0  0  0  0 
 0  0  0  0  0  0  0  0  1  0  0 
 1  0  0  0  0  0  0  0  0  0  0 
 0  0  0  0  0  1  0  0  0  0  0 


 0  0  0  0  0  1  0  0  0  0  0 
 0  0  1  0  0  0  0  0  0  0  0 
 0  0  0  0  0  0  1  0  0  0  0 
 0  0  0  0  0  0  0  0  0  0  1 
 0  0  0  1  0  0  0  0  0  0  0 


 0  0  0  0  0  0  0  0  1  0  0 
 0  0  0  0  0  0  0  0  0  1  0 
 0  0  0  0  0  0  0  1  0  0  0 
 1  0  0  0  0  0  0  0  0  0  0 
 0  0  0  1  0  0  0  0  0  0  0 


 0  0  0  0  0  0  0  0  1  0  0 
 0  0  0  0  0  1  0  0  0  0  0 
 0  0  0  0  0  0  0  1  0  0  0 
 0  0  0  1  0  0  0  0  0  0  0 
 0  0  0  0  0  0  1  0  0  0  0 


 0  0  1  0  0  0  0  0  0  0  0 
 0  0  0  0  0  0  1  0  0  0  0 
 0  1  0  0  0  0  0  0  0  0  0 
 0  0  0  0  0  0  0  1  0  0  0 
 0  0  0  0  0  0  0  0  0  0  1 


 0  0  0  0  0  0  1  0  0  0  0 
 0  0  0  0  0  1  0  0  0  0  0 
 0  0  1  0  0  0  0  0  0  0  0 
 1  0  0  0  0  0  0  0  0  0  0 
 0  1  0  0  0  0  0  0  0  0  0 


 0  0  0  0  0  0  0  1  0  0  0 
 0  0  0  0  0  0  0  0  0  1  0 
 0  0  0  0  0  0  0  0  1  0  0 
 0  0  1  0  0  0  0  0  0  0  0 
 0  0  0  0  1  0  0  0  0  0  0 


 0  0  0  0  0  0  0  0  0  0  1 
 0  0  0  0  0  0  1  0  0  0  0 
 0  0  0  0  1  0  0  0  0  0  0 
 1  0  0  0  0  0  0  0  0  0  0 
 0  0  1  0  0  0  0  0  0  0  0 


 0  1  0  0  0  0  0  0  0  0  0 
 0  0  0  0  0  1  0  0  0  0  0 
 0  0  0  0  0  0  1  0  0  0  0 
 0  0  0  0  0  0  0  1  0  0  0 
 0  0  0  0  1  0  0  0  0  0  0 


 0  0  0  0  0  0  0  0  0  1  0 
 0  0  0  0  1  0  0  0  0  0  0 
 0  0  0  0  0  1  0  0  0  0  0 
 0  1  0  0  0  0  0  0  0  0  0 
 0  0  0  0  0  0  0  0  1  0  0 


 0  0  0  1  0  0  0  0  0  0  0 
 0  0  0  0  1  0  0  0  0  0  0 
 0  0  0  0  0  0  0  1  0  0  0 
 0  0  0  0  0  0  0  0  0  1  0 
 0  0  0  0  0  1  0  0  0  0  0 


 0  0  0  0  0  0  1  0  0  0  0 
 0  0  1  0  0  0  0  0  0  0  0 
 0  0  0  0  0  0  0  0  1  0  0 
 0  0  0  0  0  0  0  1  0  0  0 
 1  0  0  0  0  0  0  0  0  0  0 


 0  0  0  0  0  0  0  1  0  0  0 
 0  0  0  0  0  0  0  0  0  0  1 
 0  0  0  1  0  0  0  0  0  0  0 
 0  0  0  0  0  0  1  0  0  0  0 
 0  0  0  0  0  0  0  0  0  1  0 


 0  1  0  0  0  0  0  0  0  0  0 
 1  0  0  0  0  0  0  0  0  0  0 
 0  0  0  0  0  0  0  0  1  0  0 
 0  0  0  0  0  0  1  0  0  0  0 
 0  0  0  0  1  0  0  0  0  0  0 


 0  0  0  0  0  0  1  0  0  0  0 
 0  0  0  0  0  1  0  0  0  0  0 
 0  0  0  0  0  0  0  0  0  0  1 
 0  0  0  0  0  0  0  0  0  1  0 
 0  0  0  0  1  0  0  0  0  0  0 


 0  1  0  0  0  0  0  0  0  0  0 
 0  0  0  0  1  0  0  0  0  0  0 
 0  0  1  0  0  0  0  0  0  0  0 
 0  0  0  0  0  0  0  0  0  0  1 
 0  0  0  0  0  0  0  0  1  0  0 


 0  0  0  0  0  0  0  0  1  0  0 
 0  0  0  0  0  0  0  0  0  1  0 
 0  0  0  1  0  0  0  0  0  0  0 
 0  0  1  0  0  0  0  0  0  0  0 
 0  0  0  0  0  1  0  0  0  0  0 


9 7 4 11 1 
2 3 4 7 9 
10 1 7 3 4 
6 3 7 5 9 
8 6 10 11 9 
11 6 9 3 1 
6 2 5 3 4 
1 9 6 10 7 
3 2 10 9 1 
8 5 4 7 3 
5 11 3 4 10 
5 10 7 2 3 
11 4 6 10 1 
8 10 4 3 2 
8 11 2 10 5 
4 1 2 5 10 
4 3 9 8 11 
5 4 6 9 11 
4 3 5 1 9 
2 11 3 10 6 
7 6 9 11 2 
9 8 1 6 5 
8 6 1 3 4 
11 2 5 1 6 
10 8 1 6 2 
2 6 8 4 11 
6 7 3 8 10 
7 11 2 4 5 
1 8 4 2 7 
1 8 10 5 7 
5 1 4 8 11 
3 8 9 6 2 
11 9 10 3 7 
1 10 2 11 7 
7 1 8 11 6 
10 2 4 9 11 
3 2 8 5 1 
5 11 1 10 9 
9 5 10 7 4 
7 9 5 8 11 
5 8 11 3 6 
4 7 5 6 1 
9 11 8 1 2 
2 9 8 10 7 
10 1 11 8 3 
2 4 10 6 7 
1 2 11 3 4 
5 1 3 6 10 
9 2 4 8 5 
4 2 9 1 6 
6 3 7 11 4 
9 10 8 1 4 
9 6 8 4 7 
3 7 2 8 11 
7 6 3 1 2 
8 10 9 3 5 
11 7 5 1 3 
2 6 7 8 5 
10 5 6 2 9 
4 5 8 10 6 
7 3 9 8 1 
8 11 4 7 10 
2 1 9 7 5 
7 6 11 10 5 
2 5 3 11 9 
9 10 4 3 6 
